[gd_scene load_steps=8 format=3 uid="uid://dkgsli4d60v6s"]

[ext_resource type="Texture2D" uid="uid://cr1lqchpf8byy" path="res://textures/kenney_prototype_textures/dark/texture_01.png" id="1_eev5u"]
[ext_resource type="Texture2D" uid="uid://djoo2iapqlw74" path="res://textures/kenney_prototype_textures/orange/texture_04.png" id="2_84yer"]
[ext_resource type="PackedScene" uid="uid://cc1m2a1obsyn4" path="res://entities/player/prefab/character.tscn" id="3_ngeix"]
[ext_resource type="PackedScene" uid="uid://o1r5cxue8rne" path="res://environment/ball/ball.tscn" id="4_u76ih"]

[sub_resource type="Environment" id="Environment_5ie3n"]
background_mode = 1
background_color = Color(0.113725, 0.12549, 0.164706, 1)
ambient_light_source = 2
ambient_light_color = Color(0.4, 0.607843, 0.807843, 1)
tonemap_mode = 3
ssao_enabled = true
glow_enabled = true
fog_enabled = true
fog_light_color = Color(0.27451, 0.305882, 0.376471, 1)
fog_density = 0.05

[sub_resource type="StandardMaterial3D" id="StandardMaterial3D_0ulw7"]
albedo_texture = ExtResource("1_eev5u")
uv1_scale = Vector3(0.25, 0.25, 0.25)
uv1_triplanar = true

[sub_resource type="StandardMaterial3D" id="StandardMaterial3D_2n0dr"]
albedo_texture = ExtResource("2_84yer")

[node name="Main" type="Node3D"]

[node name="WorldEnvironment" type="WorldEnvironment" parent="."]
environment = SubResource("Environment_5ie3n")

[node name="DirectionalLight3D" type="DirectionalLight3D" parent="."]
transform = Transform3D(0.85888, -0.202978, 0.470239, -0.281572, 0.579803, 0.764556, -0.427834, -0.789068, 0.440828, 0, 10.7901, 0)
light_energy = 1.5
shadow_enabled = true

[node name="Floor" type="CSGBox3D" parent="."]
transform = Transform3D(0.999999, 0.0013115, 0.000753232, -0.00131088, 0.999999, -0.000799355, -0.000754299, 0.000798348, 0.999999, 0, 0, 0)
use_collision = true
collision_layer = 2
collision_mask = 5
size = Vector3(150, 0.1, 150)
material = SubResource("StandardMaterial3D_0ulw7")

[node name="Box" type="CSGBox3D" parent="."]
transform = Transform3D(1, 0, 0, 0, 1, 0, 0, 0, 1, -0.510167, 0.562209, -0.476599)
use_collision = true
material = SubResource("StandardMaterial3D_2n0dr")

[node name="Box3" type="CSGBox3D" parent="."]
transform = Transform3D(-0.197127, 0, -0.980378, 0, 1, 0, 0.980378, 0, -0.197127, 0.141716, 1.55455, -0.598569)
use_collision = true
material = SubResource("StandardMaterial3D_2n0dr")

[node name="Box2" type="CSGBox3D" parent="."]
transform = Transform3D(0.897266, 0, 0.44149, 0, 1, 0, -0.44149, 0, 0.897266, 0.595593, 0.551164, -1.02138)
use_collision = true
size = Vector3(1, 1, 2)
material = SubResource("StandardMaterial3D_2n0dr")

[node name="Character" parent="." instance=ExtResource("3_ngeix")]
transform = Transform3D(1, 0, 0, 0, 1, 0, 0, 0, 1, -0.561044, 0.0444112, 7.92159)
to_crouch_speed = 5.0

[node name="Ball" parent="." instance=ExtResource("4_u76ih")]
transform = Transform3D(0.3, 0, 0, 0, 0.3, 0, 0, 0, 0.3, -0.183682, 0.420897, 5.05996)
